,num_saudis_ma,day,wage_saudis_nl,price_nl,profit_ma,num_saudis_ma;mw1500,num_expats_ma;mw1500,wage_saudis_nl;mw1500,num_saudis_ma;levey30,profit__ma;levey30,num_saudis_ma;futur_nq,profit_ma;levey30,num_saudis_ma;future_nq,num_saudis_ma;future_nq_correct
0,13399.9999999999,0,1.0,1.0,0.9988899827872777,12599.999999999925,69745.3152470996,0.0,0.0,0.0,0.0,0.9988899827872777,,
1,13399.9999999999,1,1.0,1.0,0.9988988275459448,12599.999999999925,69746.39811349366,0.0,0.0,0.0,0.0,0.9988988275459448,,
2,14178.217821782084,2,0.999814491578604,1.0,0.998857369498175,12599.999999999925,69747.45953698884,0.0,0.0,0.0,0.0,0.998857369498175,,
3,15465.777864915117,3,0.9996486480406799,1.0,0.9988159105241236,12599.999999999925,69748.49994219698,0.0,0.0,0.0,0.0,0.9988159105241236,,
4,16933.782263629673,4,0.9996542922443066,0.9999731633717635,0.9987778856957341,12601.980198019728,69747.53954730199,0.0,0.0,0.0,0.0,0.9987778856957341,,
5,18554.895486132064,5,0.9998203409752149,0.9999511668333303,0.9987352789214934,12603.921184197554,69746.59817012769,0.0,0.0,0.0,0.0,0.9987352789214934,,
6,20248.857951753216,6,1.000117863657219,0.9999522444816943,0.9986924577233406,12607.803933025325,69743.69523606576,0.0,0.0,0.0,0.0,0.9986924577233406,,
7,21968.682546768014,7,1.0002182077250035,0.9999522444816943,0.9986506432261442,12613.589993757498,69738.86958782683,0.0,0.0,0.0,0.0,0.9986506432261442,,
8,23745.54031811915,8,1.000094812197862,0.9999522444816943,0.9986084412482918,12619.261479029628,69734.13949697878,0.0,0.0,0.0,0.0,0.9986084412482918,,
9,25514.93555934452,9,1.000125000804667,0.9999522444816943,0.9985717918611028,12624.820657662704,69729.50307129601,0.0,0.0,0.0,0.0,0.9985717918611028,,
10,27282.956637377312,10,1.0001343988173805,0.9999522444816943,0.998535414306622,12630.269753550572,69722.97825800303,0.0,0.0,0.0,0.0,0.998535414306622,,
11,29047.650565350046,11,1.0003864550302295,0.9999522444816943,0.9984971265644931,12639.571342589174,69714.60245091385,0.0,0.0,0.0,0.0,0.9984971265644931,,
12,30803.14263336292,12,1.0003683161108858,0.9999522444816943,0.9984613116302753,12648.688741745824,69706.39250139082,0.0,0.0,0.0,0.0,0.9984613116302753,,
13,32579.318026761684,13,1.0002905012082925,0.9999522444816943,0.9984257506382184,12657.625598344917,69698.34512512565,0.0,0.0,0.0,0.0,0.9984257506382184,,
14,34367.8463826674,14,1.0004508983609277,0.9999512076483078,0.9983892586627655,12666.385487486601,69690.45710284593,0.0,0.0,0.0,0.0,0.9983892586627655,,
15,36166.502889941316,15,1.000572236963762,0.9999510151011973,0.9983509381376332,12674.971913476966,69682.72527902719,0.0,0.0,0.0,0.0,0.9983509381376332,,
16,37943.40382281377,16,1.0006073202763697,0.9999510151011973,0.9983132449681466,12683.388311229897,69675.1465606306,0.0,0.0,0.0,0.0,0.9983132449681466,,
17,39702.940380777865,17,1.0006494270611699,0.9999510151011973,0.9982787926838632,12691.638047641187,69667.71791586565,0.0,0.0,0.0,0.0,0.9982787926838632,,
18,41455.35740294069,18,1.0006541016514476,0.9999510151011973,0.9982385314278999,12699.72442293542,69660.43637297722,0.0,0.0,0.0,0.0,0.9982385314278999,,
19,43202.776068229,19,1.0006885213159427,0.9999510151011973,0.9981995870665721,12709.630870006005,69651.31882103706,0.0,0.0,0.0,0.0,0.9981995870665721,,
20,44931.43396786803,20,1.000696457151168,0.9999510151011973,0.9981644608690435,12719.341149807866,69642.38181467989,0.0,0.0,0.0,0.0,0.9981644608690435,,
21,46647.643196227094,21,1.0006728362702717,0.9999510151011973,0.9981311397706171,12728.859146841374,69633.62177874564,0.0,0.0,0.0,0.0,0.9981311397706171,,
22,48351.65026164835,22,1.000657031775161,0.9999510151011973,0.9980941002165935,12738.1886686861,69625.03520886949,0.0,0.0,0.0,0.0,0.9980941002165935,,
23,50051.61758319988,23,1.0005536978055345,0.9999510151011973,0.9980567785496312,12749.3136455438,69614.6384720602,0.0,0.0,0.0,0.0,0.9980567785496312,,
24,51741.68456175038,24,1.000560027791191,0.9999510151011973,0.9980214397755869,12762.198523849864,69602.46741320752,0.0,0.0,0.0,0.0,0.9980214397755869,,
25,53426.00763973553,25,1.0004635032439444,0.9999510151011973,0.9979892001787755,12774.828256050858,69590.53736542123,0.0,0.0,0.0,0.0,0.9979892001787755,,
26,55094.79956766156,26,1.0005697363521333,1.000022581687347,0.9979461777393805,12787.2078945449,69578.84355620497,0.0,0.0,0.0,0.0,0.9979461777393805,,
27,56762.22927919302,27,1.0004927576695326,1.0000175232469148,0.997908267124885,12801.322589702426,69565.40110954746,0.0,0.0,0.0,0.0,0.997908267124885,,
28,58434.26434297139,28,1.0005654102191213,1.0000175232469148,0.9978706525607116,12817.137983965746,69550.24465193265,0.0,0.0,0.0,0.0,0.9978706525607116,,
29,60100.912573803646,29,1.0005170431166932,1.0000175232469148,0.9978351320799723,12832.640202105036,69535.38832219141,0.0,0.0,0.0,0.0,0.9978351320799723,,
30,61748.41925551051,30,1.0005411717339683,1.0000175232469148,0.9978043017332526,12849.815643647511,69518.84597917771,0.0,0.0,0.0,0.0,0.9978043017332526,,
31,63383.10402272813,31,1.0004878098234007,1.0000175232469148,0.9977737059038457,12866.65097743667,69502.63120731282,0.0,0.0,0.0,0.0,0.9977737059038457,,
32,64999.28018069392,32,1.0005067976041513,1.0000175232469148,0.997743347082619,12883.152938279509,69486.7375200393,0.0,0.0,0.0,0.0,0.997743347082619,,
33,66587.41324642274,33,1.0005242707938273,1.0000175232469148,0.997713227822348,12899.328127620507,69471.15855924644,0.0,0.0,0.0,0.0,0.997713227822348,,
34,68157.95951877083,34,1.0004881445268305,1.0000175232469148,0.997683339711715,12915.183016182476,69455.8880927267,0.0,0.0,0.0,0.0,0.997683339711715,,
35,69711.2672510724,35,1.000545388500845,1.0000915144456262,0.997648939729307,12930.723946555103,69440.92001168261,0.0,0.0,0.0,0.0,0.997648939729307,,
36,71243.71740451652,36,1.0005487514528062,1.000108672598365,0.9976178238297359,12945.95713573223,69426.24832828296,0.0,0.0,0.0,0.0,0.9976178238297359,,
37,72757.70319848649,37,1.0005860138194187,1.000108672598365,0.9975867659215619,12960.888677598916,69411.86717326746,0.0,0.0,0.0,0.0,0.9975867659215619,,
38,74249.6298678234,38,1.0006058171896524,1.000108672598365,0.9975578538318052,12975.524545369233,69397.7707935988,0.0,0.0,0.0,0.0,0.9975578538318052,,
39,75712.0134347972,39,1.0006058171896524,1.000108672598365,0.9975291721172657,12989.870593975784,69383.9535501612,0.0,0.0,0.0,0.0,0.9975291721172657,,
40,77145.43891133588,40,1.0006058171896524,1.000108672598365,0.997500718943053,13003.932562411906,69370.40991550454,0.0,0.0,0.0,0.0,0.997500718943053,,
41,78550.4797249728,41,1.0006058171896524,1.000108672598365,0.9974724924759795,13019.696274047317,69355.15427361336,0.0,0.0,0.0,0.0,0.9974724924759795,,
42,79927.69794824066,42,1.0006058171896524,1.000108672598365,0.9974444909107495,13035.147832977074,69340.20072364081,0.0,0.0,0.0,0.0,0.9974444909107495,,
43,81277.64452352305,43,1.0006058171896524,1.000108672598365,0.9974167124666937,13050.293420442875,69325.54328356872,0.0,0.0,0.0,0.0,0.9974167124666937,,
44,82602.83968147308,44,1.000636863412554,1.0001549781951187,0.9973840189641031,13065.13909528559,69311.17608983468,0.0,0.0,0.0,0.0,0.9973840189641031,,
45,83903.7735491667,45,1.0006537755135956,1.0001583636491203,0.9973552133146404,13079.690796369045,69297.09339498647,0.0,0.0,0.0,0.0,0.9973552133146404,,
46,85180.9265481931,46,1.0006395246270587,1.0001583636491203,0.9973281416445572,13093.954344955797,69283.28956538277,0.0,0.0,0.0,0.0,0.9973281416445572,,
47,86432.78938882296,47,1.0006395246270587,1.0001583636491203,0.9973012856849925,13107.93544703588,69269.75907893956,0.0,0.0,0.0,0.0,0.9973012856849925,,
48,87659.86286627201,48,1.0006395246270587,1.0001583636491203,0.9972746437098695,13121.639695609429,69256.49652292096,0.0,0.0,0.0,0.0,0.9972746437098695,,
49,88862.63785901912,49,1.0006395246270587,1.0001583636491203,0.9972482140231218,13135.072572924093,69243.49659177402,0.0,0.0,0.0,0.0,0.9972482140231218,,
50,90041.59552517717,50,1.0006395246270587,1.0001583636491203,0.9972219949353418,13148.239452668171,69230.75408500622,0.0,0.0,0.0,0.0,0.9972219949353418,,
51,91197.20749497564,51,1.0006395246270587,1.0001583636491203,0.9971959847645959,13161.145602120285,69218.26390510511,0.0,0.0,0.0,0.0,0.9971959847645959,,
52,92329.93605943157,52,1.0006395246270587,1.0001583636491203,0.9971701818462066,13173.796184256516,69206.02105549906,0.0,0.0,0.0,0.0,0.9971701818462066,,
53,93440.23435528441,53,1.0006395246270587,1.0001583636491203,0.9971445845287606,13186.196259815795,69194.02063855848,0.0,0.0,0.0,0.0,0.9971445845287606,,
54,94528.54654626887,54,1.0006395246270587,1.0001583636491203,0.9971191911740035,13198.350789324393,69182.25785363653,0.0,0.0,0.0,0.0,0.9971191911740035,,
55,95595.3080007982,55,1.0006395246270587,1.0001583636491203,0.997094000161931,13210.264635080346,69170.72799514869,0.0,0.0,0.0,0.0,0.997094000161931,,
56,96640.94546612893,56,1.0006395246270587,1.0001583636491203,0.9970690098750542,13221.942563098557,69159.4264506903,0.0,0.0,0.0,0.0,0.9970690098750542,,
57,97665.87723907689,57,1.0006395246270587,1.0001583636491203,0.9970442187139693,13239.329839076805,69142.40810513207,0.0,0.0,0.0,0.0,0.9970442187139693,,
58,98670.51333335259,58,1.0006395246270587,1.0001583636491203,0.9970196250920166,13256.372812560434,69125.72675651559,0.0,0.0,0.0,0.0,0.9970196250920166,,
59,99655.25564358324,59,1.0006395246270587,1.0001583636491203,0.996995227435179,13273.078301420624,69109.37573163409,0.0,0.0,0.0,0.0,0.996995227435179,,
60,100620.49810608654,60,1.0006395246270587,1.0001583636491203,0.9969710241911314,13289.452988521209,69093.34848942352,0.0,0.0,0.0,0.0,0.9969710241911314,,
61,101566.62685646107,61,1.0006395246270587,1.0001583636491203,0.996947013801618,13305.503424392078,69077.63861834582,0.0,0.0,0.0,0.0,0.996947013801618,,
62,102494.0203840559,62,1.0006395246270587,1.0001583636491203,0.9969231947249003,13321.23602984966,69062.23983382413,0.0,0.0,0.0,0.0,0.9969231947249003,,
63,103403.04968338153,63,1.0006395246270587,1.0001583636491203,0.9968995654416226,13336.657098565507,69047.14597572859,0.0,0.0,0.0,0.0,0.9968995654416226,,
64,104294.0784025225,64,1.0006395246270587,1.0001583636491203,0.9968761244394865,13351.772799584012,69032.3510059122,0.0,0.0,0.0,0.0,0.9968761244394865,,
65,105167.46298861117,65,1.0006395246270587,1.0001583636491203,0.9968528702182439,13366.58917979027,69017.84900579513,0.0,0.0,0.0,0.0,0.9968528702182439,,
66,106023.55283042084,66,1.0006395246270587,1.0001583636491203,0.9968298012912172,13381.112166329078,69003.6341739972,0.0,0.0,0.0,0.0,0.9968298012912172,,
67,106862.69039813528,67,1.0006395246270587,1.0001583636491203,0.9968069161588247,13397.32776699583,68987.72062599726,0.0,0.0,0.0,0.0,0.9968069161588247,,
68,107685.21138035042,68,1.0006395246270587,1.0001583636491203,0.996784213371204,13413.222266659279,68972.12219775969,0.0,0.0,0.0,0.0,0.996784213371204,,
69,108491.44481836329,69,1.0006395246270587,1.0001583636491203,0.9967616914822895,13428.802023755134,68956.8326492892,0.0,0.0,0.0,0.0,0.9967616914822895,,
70,109281.71323780164,70,1.0006395246270587,1.0001583636491203,0.9967393490506572,13444.07327080949,68941.84586415476,0.0,0.0,0.0,0.0,0.9967393490506572,,
71,110056.33277764714,71,1.0006395246270587,1.0001583636491203,0.9967171846463686,13459.042116932073,68927.1558470428,0.0,0.0,0.0,0.0,0.9967171846463686,,
72,110815.61331670365,72,1.0006395246270587,1.0001583636491203,0.9966951990476566,13473.714550260152,68912.75672135878,0.0,0.0,0.0,0.0,0.9966951990476566,,
73,111559.85859756099,73,1.0006395246270587,1.0001583636491203,0.9966733886109438,13488.096440354011,68898.64272687642,0.0,0.0,0.0,0.0,0.9966733886109438,,
74,112289.36634810435,74,1.0006395246270587,1.0001583636491203,0.9966517518806803,13504.173738564821,68882.82801941353,0.0,0.0,0.0,0.0,0.9966517518806803,,
75,113004.42840061712,75,1.0006395246270587,1.0001583636491203,0.9966302875310403,13525.873268494232,68861.38588041526,0.0,0.0,0.0,0.0,0.9966302875310403,,
76,113705.3308085257,76,1.0006395246270587,1.0001583636491203,0.9966089941648713,13547.143104761673,68840.36833822881,0.0,0.0,0.0,0.0,0.9966089941648713,,
77,114392.35396083213,77,1.0006395246270587,1.0001583636491203,0.9965878704669585,13567.99175615253,68819.76698499656,0.0,0.0,0.0,0.0,0.9965878704669585,,
78,115065.77269428101,78,1.0006395246270587,1.0001583636491203,0.9965669150621616,13588.427562961391,68799.57357935306,0.0,0.0,0.0,0.0,0.9965669150621616,,
79,115725.85640330515,79,1.0006395246270587,1.0001583636491203,0.9965461266327016,13608.458700328492,68779.78004312825,0.0,0.0,0.0,0.0,0.9965461266327016,,
80,116372.86914779415,80,1.0006395246270587,1.0001583636491203,0.9965255038170197,13628.093181510107,68760.37845811581,0.0,0.0,0.0,0.0,0.9965255038170197,,
81,117007.06975872893,81,1.0006395246270587,1.0001583636491203,0.9965050453265624,13649.319059103966,68739.3808648858,0.0,0.0,0.0,0.0,0.9965050453265624,,
82,117628.7119417244,82,1.0006395246270587,1.0001583636491203,0.9964847498519652,13670.124622290026,68718.79906558113,0.0,0.0,0.0,0.0,0.9964847498519652,,
83,118238.04437852192,83,1.0006395246270587,1.0001583636491203,0.9964646160942972,13690.518194125869,68698.62482665874,0.0,0.0,0.0,0.0,0.9964646160942972,,
84,118835.310826472,84,1.0006395246270587,1.0001583636491203,0.996444642764977,13710.507932856051,68678.85007761599,0.0,0.0,0.0,0.0,0.996444642764977,,
85,119420.75021604683,85,1.0006395246270587,1.0001583636491203,0.9964248285856914,13730.101835175736,68659.46690776221,0.0,0.0,0.0,0.0,0.9964248285856914,,
86,119994.59674642215,86,1.0006395246270587,1.0001583636491203,0.9964051722589619,13749.307739429682,68640.46756305404,0.0,0.0,0.0,0.0,0.9964051722589619,,
87,120557.07997916627,87,1.0006395246270587,1.0001583636491203,0.9963856725563497,13768.133328747905,68621.84444299358,0.0,0.0,0.0,0.0,0.9963856725563497,,
88,121108.42493007387,88,1.0006395246270587,1.0001583636491203,0.9963663282298539,13786.586134119232,68603.59009758776,0.0,0.0,0.0,0.0,0.9963663282298539,,
89,121648.85215918132,89,1.0006395246270587,1.0001583636491203,0.996347138041418,13804.673537404002,68585.69722436821,0.0,0.0,0.0,0.0,0.996347138041418,,
90,122178.57785899953,90,1.0006395246270587,1.0001583636491203,0.9963281007628499,13822.40277428709,68568.15866546983,0.0,0.0,0.0,0.0,0.9963281007628499,,
91,122697.81394099955,91,1.0006395246270587,1.0001583636491203,0.9963092151757447,13839.780937172494,68550.96740476746,0.0,0.0,0.0,0.0,0.9963092151757447,,
92,123206.76812038569,92,1.0006395246270587,1.0001583636491203,0.9962904800714052,13858.795176040365,68532.13636704929,0.0,0.0,0.0,0.0,0.9962904800714052,,
93,123705.64399918992,93,1.0006395246270587,1.0001583636491203,0.9962718942507657,13879.413093346497,68511.69802314733,0.0,0.0,0.0,0.0,0.9962718942507657,,
94,124194.64114772082,94,1.0006395246270587,1.0001583636491203,0.9962534565243144,13899.622735062409,68491.66439892659,0.0,0.0,0.0,0.0,0.9962534565243144,,
95,124673.9551843996,95,1.0006395246270587,1.0001583636491203,0.9962351657120182,13919.432185853251,68472.02748013596,0.0,0.0,0.0,0.0,0.9962351657120182,,
96,125143.77785401544,96,1.0006395246270587,1.0001583636491203,0.9962170206432462,13938.8493702918,68452.7794112224,0.0,0.0,0.0,0.0,0.9962170206432462,,
97,125604.29710443098,97,1.0006395246270587,1.0001583636491203,0.9961990201566956,13957.882056028595,68433.91249218829,0.0,0.0,0.0,0.0,0.9961990201566956,,
98,126055.69716176899,98,1.0006395246270587,1.0001583636491203,0.9961811631003167,13976.537856899316,68415.4191755113,0.0,0.0,0.0,0.0,0.9961811631003167,,
99,126498.1586041102,99,1.0006395246270587,1.0001583636491203,0.9961634483312395,13994.824235970615,68397.29206312494,0.0,0.0,0.0,0.0,0.9961634483312395,,
100,126931.85843373179,100,1.0006395246270587,1.0001583636491203,0.9961458747157008,14012.748508525652,68379.52390345909,0.0,0.0,0.0,0.0,0.9961458747157008,,
101,127356.9701479153,101,1.0006395246270587,1.0001583636491203,0.9961284411289713,14030.31784499049,68362.1075885391,0.0,0.0,0.0,0.0,0.9961284411289713,,
102,127773.66380835262,102,1.0006395246270587,1.0001583636491203,0.9961111464552833,14047.539273802558,68345.0361511423,0.0,0.0,0.0,0.0,0.9961111464552833,,
103,128182.10610917733,103,1.0006395246270587,1.0001583636491203,0.9960939895877602,14064.419684222312,68328.30276201076,0.0,0.0,0.0,0.0,0.9960939895877602,,
104,128582.46044364908,104,1.0006395246270587,1.0001583636491203,0.9960769694283449,14080.965829089197,68311.90072711946,0.0,0.0,0.0,0.0,0.9960769694283449,,
105,128974.8869695174,105,1.0006395246270587,1.0001583636491203,0.9960600848877297,14097.184327523075,68295.82348499828,0.0,0.0,0.0,0.0,0.9960600848877297,,
106,129359.54267309132,106,1.0006395246270587,1.0001583636491203,0.9960433348852867,14113.081667572123,68280.06460410722,0.0,0.0,0.0,0.0,0.9960433348852867,,
107,129736.58143204,107,1.0006395246270587,1.0001583636491203,0.9960267183489987,14128.664208808319,68264.61778026352,0.0,0.0,0.0,0.0,0.9960267183489987,,
108,130106.15407695009,108,1.0006395246270587,1.0001583636491203,0.9960102342153903,14143.938184871522,68249.47683411969,0.0,0.0,0.0,0.0,0.9960102342153903,,
109,130468.40845166396,109,1.0006395246270587,1.0001583636491203,0.9959938814294599,14158.909705963175,68234.63570869158,0.0,0.0,0.0,0.0,0.9959938814294599,,
110,130823.48947242308,110,1.0006395246270587,1.0001583636491203,0.9959776589446127,14173.584761290636,68220.08846693531,0.0,0.0,0.0,0.0,0.9959776589446127,,
111,131171.53918584046,111,1.0006395246270587,1.0001583636491203,0.995961565722593,14187.969221463098,68205.82928937222,0.0,0.0,0.0,0.0,0.995961565722593,,
112,131512.6968257248,112,1.0006395246270587,1.0001583636491203,0.995945600733418,14202.068840840064,68191.8524717609,0.0,0.0,0.0,0.0,0.995945600733418,,
113,131847.09886877975,113,1.0006395246270587,1.0001583636491203,0.9959297629553122,14215.889259833333,68178.15242281512,0.0,0.0,0.0,0.0,0.9959297629553122,,
114,132174.87908919997,114,1.0006395246270587,1.0001583636491203,0.9959140513746415,14229.436007163366,68164.7236619673,0.0,0.0,0.0,0.0,0.9959140513746415,,
115,132496.1686121861,115,1.0006395246270587,1.0001583636491203,0.9958984649858486,14242.714502071021,68151.56081717586,0.0,0.0,0.0,0.0,0.9958984649858486,,
116,132811.09596640023,116,1.0006395246270587,1.0001583636491203,0.9958830027913886,14255.730056485456,68138.65862277635,0.0,0.0,0.0,0.0,0.9958830027913886,,
117,133119.78713538242,117,1.0006395246270587,1.0001583636491203,0.9958676638016655,14268.48787714911,68126.01191737482,0.0,0.0,0.0,0.0,0.9958676638016655,,
118,133422.36560794912,118,1.0006395246270587,1.0001583636491203,0.9958524470349681,14280.993067700612,68113.61564178325,0.0,0.0,0.0,0.0,0.9958524470349681,,
119,133718.9524275937,119,1.0006395246270587,1.0001583636491203,0.9958373515174077,14293.250630716444,68101.46483699545,0.0,0.0,0.0,0.0,0.9958373515174077,,
120,134009.66624090867,120,1.0006395246270587,1.0001583636491203,0.9958223762828557,14305.265469712156,68089.55464220347,0.0,0.0,0.0,0.0,0.9958223762828557,,
121,134294.6233450491,121,1.0006395246270587,1.0001583636491203,0.9958075203728819,14317.042391103996,68077.8802928529,0.0,0.0,0.0,0.0,0.9958075203728819,,
122,134573.93773425606,122,1.0006395246270587,1.0001583636491203,0.9957927828366927,14328.586106131641,68066.437118737,0.0,0.0,0.0,0.0,0.9957927828366927,,
123,134847.72114545893,123,1.0006395246270587,1.0001583636491203,0.9957781627310707,14339.901232742895,68055.22054212834,0.0,0.0,0.0,0.0,0.9957781627310707,,
124,135116.0831029746,124,1.0006395246270587,1.0001583636491203,0.9957636591203143,14350.992297441057,68044.22607594759,0.0,0.0,0.0,0.0,0.9957636591203143,,
125,135379.13096232165,125,1.0006395246270587,1.0001583636491203,0.9957492710761774,14361.86373709569,68033.44932196844,0.0,0.0,0.0,0.0,0.9957492710761774,,
126,135636.96995316676,126,1.0006395246270587,1.0001583636491203,0.9957349976778106,14374.500098737357,68020.90577103836,0.0,0.0,0.0,0.0,0.9957349976778106,,
127,135889.70322142087,127,1.0006395246270587,1.0001583636491203,0.9957208380117016,14386.886235396023,68008.61060725542,0.0,0.0,0.0,0.0,0.9957208380117016,,
128,136137.43187050163,128,1.0006395246270587,1.0001583636491203,0.9957067911716174,14402.98749806145,67992.59851602264,0.0,0.0,0.0,0.0,0.9957067911716174,,
129,136380.25500177886,129,1.0006395246270587,1.0001583636491203,0.9956928562585459,14418.76992384241,67976.90349590339,0.0,0.0,0.0,0.0,0.9956928562585459,,
130,136618.26975421887,130,1.0006395246270587,1.0001583636491203,0.9956790323806383,14434.239826340581,67961.51926826173,0.0,0.0,0.0,0.0,0.9956790323806383,,
131,136851.57134324423,131,1.0006395246270587,1.0001583636491203,0.9956653186531522,14449.403394135818,67946.43967879121,0.0,0.0,0.0,0.0,0.9956653186531522,,
132,137080.25309882354,132,1.0006395246270587,1.0001583636491203,0.9956517141983952,14464.26669326184,67931.65869505277,0.0,0.0,0.0,0.0,0.9956517141983952,,
133,137304.40650280725,133,1.0006395246270587,1.0001583636491203,0.995638218145668,14478.835669632892,67917.17040406163,0.0,0.0,0.0,0.0,0.995638218145668,,
134,137524.12122552394,134,1.0006395246270587,1.0001583636491203,0.9956248296312096,14493.116151422339,67902.9690099218,0.0,0.0,0.0,0.0,0.9956248296312096,,
135,137739.48516165218,135,1.0006395246270587,1.0001583636491203,0.9956115477981413,14507.113851394175,67889.0488315075,0.0,0.0,0.0,0.0,0.9956115477981413,,
136,137950.58446538183,136,1.0006395246270587,1.0001583636491203,0.9955983717964122,14520.83436918835,67875.40430019054,0.0,0.0,0.0,0.0,0.9955983717964122,,
137,138157.50358487922,137,1.0006395246270587,1.0001583636491203,0.9955853007827447,14534.28319356086,67862.02995761251,0.0,0.0,0.0,0.0,0.9955853007827447,,
138,138360.3252960697,138,1.0006395246270587,1.0001583636491203,0.9955723339205805,14547.465704579454,67848.92045350137,0.0,0.0,0.0,0.0,0.9955723339205805,,
139,138559.1307357515,139,1.0006395246270587,1.0001583636491203,0.9955594703800272,14560.3871757759,67836.07054353104,0.0,0.0,0.0,0.0,0.9955594703800272,,
140,138753.99943405346,140,1.0006395246270587,1.0001583636491203,0.995546709337805,14573.052776255585,67823.47508722349,0.0,0.0,0.0,0.0,0.995546709337805,,
141,138945.00934625042,141,1.0006395246270587,1.0001583636491203,0.9955340499771941,14585.467572765376,67811.12904589235,0.0,0.0,0.0,0.0,0.9955340499771941,,
142,139132.2368839484,142,1.0006395246270587,1.0001583636491203,0.9955214914879825,14597.636531720516,67799.02748062716,0.0,0.0,0.0,0.0,0.9955214914879825,,
143,139315.7569456524,143,1.0006395246270587,1.0001583636491203,0.995509033066414,14609.5645211914,67787.1655503177,0.0,0.0,0.0,0.0,0.995509033066414,,
144,139495.6429467286,144,1.0006395246270587,1.0001583636491203,0.995496673915137,14621.256312850974,67775.53850971736,0.0,0.0,0.0,0.0,0.995496673915137,,
145,139671.9668487736,145,1.0006395246270587,1.0001583636491203,0.9954844132431528,14632.716583883626,67764.14170754472,0.0,0.0,0.0,0.0,0.9954844132431528,,
146,139844.7991884018,146,1.0006395246270587,1.0001583636491203,0.9954722502657662,14643.949918856228,67752.97058462306,0.0,0.0,0.0,0.0,0.9954722502657662,,
147,140014.20910546317,147,1.0006395246270587,1.0001583636491203,0.9954601842045342,14654.960811552146,67742.02067205627,0.0,0.0,0.0,0.0,0.9954601842045342,,
148,140180.26437070154,148,1.0006395246270587,1.0001583636491203,0.9954482142872163,14665.753666768936,67731.28758944129,0.0,0.0,0.0,0.0,0.9954482142872163,,
149,140343.03141286588,149,1.0006395246270587,1.0001583636491203,0.9954363397477257,14676.33280208044,67720.76704311572,0.0,0.0,0.0,0.0,0.9954363397477257,,
150,140502.57534528436,150,1.0006395246270587,1.0001583636491203,0.9954245598260796,14686.702449563996,67710.45482444015,0.0,0.0,0.0,0.0,0.9954245598260796,,
151,140658.9599919124,151,1.0006395246270587,1.0001583636491203,0.995412873768351,14696.866757493422,67700.34680811458,0.0,0.0,0.0,0.0,0.995412873768351,,
152,140812.24791286464,152,1.0006395246270587,1.0001583636491203,0.9954012808266203,14706.829791998502,67690.43895052816,0.0,0.0,0.0,0.0,0.9954012808266203,,
153,140962.50042944157,153,1.0006395246270587,1.0001583636491203,0.9953897802589272,14716.595538691601,67680.72728814147,0.0,0.0,0.0,0.0,0.9953897802589272,,
154,141109.77764866056,154,1.0006395246270587,1.0001583636491203,0.9953783713292238,14726.167904262064,67671.20793590104,0.0,0.0,0.0,0.0,0.9953783713292238,,
155,141254.13848730095,155,1.0006395246270587,1.0001583636491203,0.9953670533073267,14735.550718039052,67661.87708568516,0.0,0.0,0.0,0.0,0.9953670533073267,,
156,141395.64069547324,156,1.0006395246270587,1.0001583636491203,0.9953558254688709,14744.747733523429,67652.73100478051,0.0,0.0,0.0,0.0,0.9953558254688709,,
157,141534.34087972128,157,1.0006395246270587,1.0001583636491203,0.9953446870952635,14753.762629889301,67643.76603438881,0.0,0.0,0.0,0.0,0.9953446870952635,,
158,141670.29452566738,158,1.0006395246270587,1.0001583636491203,0.995333637473637,14762.599013455849,67634.97858816329,0.0,0.0,0.0,0.0,0.995333637473637,,
159,141803.55602020866,159,1.0006395246270587,1.0001583636491203,0.9953226758968043,14771.26041912999,67626.36515077391,0.0,0.0,0.0,0.0,0.9953226758968043,,
160,141934.17867327383,160,1.0006395246270587,1.0001583636491203,0.9953118016632134,14779.750311820484,67617.92227650115,0.0,0.0,0.0,0.0,0.9953118016632134,,
161,142062.21473914958,161,1.0006395246270587,1.0001583636491203,0.995301014076902,14788.072087824039,67609.64658785757,0.0,0.0,0.0,0.0,0.995301014076902,,
162,142187.71543738426,162,1.0006395246270587,1.0001583636491203,0.9952903124474537,14796.22907618396,67601.53477423663,0.0,0.0,0.0,0.0,0.9952903124474537,,
163,142310.73097327765,163,1.0006395246270587,1.0001583636491203,0.9952796960899531,14804.2245400219,67593.58359058837,0.0,0.0,0.0,0.0,0.9952796960899531,,
164,142431.31055796522,164,1.0006395246270587,1.0001583636491203,0.9952691643249426,14812.061677843249,67585.7898561213,0.0,0.0,0.0,0.0,0.9952691643249426,,
165,142549.50242810452,165,1.0006395246270587,1.0001583636491203,0.9952587164783785,14819.74362481665,67578.15045302978,0.0,0.0,0.0,0.0,0.9952587164783785,,
166,142665.35386517175,166,1.0006395246270587,1.0001583636491203,0.9952483518815878,14827.273454028202,67570.662325247,0.0,0.0,0.0,0.0,0.9952483518815878,,
167,142778.91121437628,167,1.0006395246270587,1.0001583636491203,0.9952380698712257,14834.654177710812,67563.32247722232,0.0,0.0,0.0,0.0,0.9952380698712257,,
168,142890.2199032005,168,1.0006395246270587,1.0001583636491203,0.9952278697892329,14841.88874844921,67556.12797272287,0.0,0.0,0.0,0.0,0.9952278697892329,,
169,142999.32445957276,169,1.0006395246270587,1.0001583636491203,0.995217750982794,14848.98006036111,67549.07593365904,0.0,0.0,0.0,0.0,0.995217750982794,,
170,143106.26852968024,170,1.0006395246270587,1.0001583636491203,0.9952077128042948,14855.93095025495,67542.16353893312,0.0,0.0,0.0,0.0,0.9952077128042948,,
171,143211.09489542915,171,1.0006395246270587,1.0001583636491203,0.9951977546112816,14862.744198764753,67535.38802331068,0.0,0.0,0.0,0.0,0.9951977546112816,,
172,143313.84549155927,172,1.0006395246270587,1.0001583636491203,0.9951878757664199,14869.422531462482,67528.74667631443,0.0,0.0,0.0,0.0,0.9951878757664199,,
173,143414.5614224195,173,1.0006395246270587,1.0001583636491203,0.9951780756374535,14875.968619948373,67522.2368411399,0.0,0.0,0.0,0.0,0.9951780756374535,,
174,143513.28297841118,174,1.0006395246270587,1.0001583636491203,0.9951683535971643,14882.38508291969,67515.85591359256,0.0,0.0,0.0,0.0,0.9951683535971643,,
175,143610.049652106,175,1.0006395246270587,1.0001583636491203,0.9951587090233315,14888.674487218314,67509.60134104617,0.0,0.0,0.0,0.0,0.9951587090233315,,
176,143704.90015404453,176,1.0006395246270587,1.0001583636491203,0.9951491412986925,14894.839348857557,67503.4706214215,0.0,0.0,0.0,0.0,0.9951491412986925,,
177,143797.8724282219,177,1.0006395246270587,1.0001583636491203,0.9951396498109032,14900.882134028694,67497.46130218543,0.0,0.0,0.0,0.0,0.9951396498109032,,
178,143889.00366726698,178,1.0006395246270587,1.0001583636491203,0.9951302339524988,14906.805260087533,67491.57097936989,0.0,0.0,0.0,0.0,0.9951302339524988,,
179,143978.3303273211,179,1.0006395246270587,1.0001583636491203,0.9951208931208545,14912.611096521443,67485.7972966101,0.0,0.0,0.0,0.0,0.9951208931208545,,
180,144065.88814262167,180,1.0006395246270587,1.0001583636491203,0.9951116267181477,14918.301965897257,67480.13794420197,0.0,0.0,0.0,0.0,0.9951116267181477,,
181,144151.71213979748,181,1.0006395246270587,1.0001583636491203,0.9951024341513189,14923.880144790379,67474.59065817817,0.0,0.0,0.0,0.0,0.9951024341513189,,
182,144235.83665188067,182,1.0006395246270587,1.0001583636491203,0.9950933148320346,14929.347864695521,67469.15321940236,0.0,0.0,0.0,0.0,0.9950933148320346,,
183,144318.29533204148,183,1.0006395246270587,1.0001583636491203,0.9950842681766489,14934.707312919372,67463.82345268152,0.0,0.0,0.0,0.0,0.9950842681766489,,
184,144399.12116705056,184,1.0006395246270587,1.0001583636491203,0.9950752936061666,14939.960633455621,67458.59922589576,0.0,0.0,0.0,0.0,0.9950752936061666,,
185,144478.34649047532,185,1.0006395246270587,1.0001583636491203,0.9950663905462062,14945.109927842639,67453.47844914533,0.0,0.0,0.0,0.0,0.9950663905462062,,
186,144556.0029956144,186,1.0006395246270587,1.0001583636491203,0.9950575584269625,14950.157256004171,67448.45907391474,0.0,0.0,0.0,0.0,0.9950575584269625,,
187,144632.1217481765,187,1.0006395246270587,1.0001583636491203,0.9950487966831711,14955.104637073398,67443.53909225306,0.0,0.0,0.0,0.0,0.9950487966831711,,
188,144706.73319870766,188,1.0006395246270587,1.0001583636491203,0.9950401047540713,14959.954050200658,67438.71653597082,0.0,0.0,0.0,0.0,0.9950401047540713,,
189,144779.86719477284,189,1.0006395246270587,1.0001583636491203,0.9950314820833707,14964.7074353452,67433.98947585258,0.0,0.0,0.0,0.0,0.9950314820833707,,
190,144851.55299289618,190,1.0006395246270587,1.0001583636491203,0.9950229281192094,14969.366694051238,67429.35602088521,0.0,0.0,0.0,0.0,0.9950229281192094,,
191,144921.81927026456,191,1.0006395246270587,1.0001583636491203,0.9950144423141252,14973.93369020864,67424.81431750135,0.0,0.0,0.0,0.0,0.9950144423141252,,
192,144990.69413619992,192,1.0006395246270587,1.0001583636491203,0.9950060241250177,14978.41025079857,67420.36254883795,0.0,0.0,0.0,0.0,0.9950060241250177,,
193,145058.20514340387,193,1.0006395246270587,1.0001583636491203,0.9949976730131143,14982.79816662434,67415.99893400949,0.0,0.0,0.0,0.0,0.9949976730131143,,
194,145124.37929898003,194,1.0006395246270587,1.0001583636491203,0.9949893884439351,14989.079391047619,67409.74152937563,0.0,0.0,0.0,0.0,0.9949893884439351,,
195,145189.24307523787,195,1.0006395246270587,1.0001583636491203,0.9949811698872595,14995.236234789252,67403.60803374444,0.0,0.0,0.0,0.0,0.9949811698872595,,
196,145252.82242028267,196,1.0006395246270587,1.0001583636491203,0.9949730168170912,15001.271160833028,67397.59599347228,0.0,0.0,0.0,0.0,0.9949730168170912,,
197,145315.14276839592,197,1.0006395246270587,1.0001583636491203,0.9949649287116255,15007.18658339079,67391.70300350252,0.0,0.0,0.0,0.0,0.9949649287116255,,
198,145376.22905020986,198,1.0006395246270587,1.0001583636491203,0.9949569050532152,15012.984868868201,67385.92670640348,0.0,0.0,0.0,0.0,0.9949569050532152,,
199,145436.10570268094,199,1.0006395246270587,1.0001583636491203,0.9949489453283381,15018.668336811405,67380.26479142517,0.0,0.0,0.0,0.0,0.9949489453283381,,
200,145494.79667886547,200,1.0006395246270587,1.0001583636491203,0.9949410490275636,15024.23926083494,67374.71499357518,0.0,0.0,0.0,0.0,0.9949410490275636,,
201,145552.3254575018,201,1.0006395246270587,1.0001583636491203,0.9949332156455204,15029.699869531276,67369.2750927123,0.0,0.0,0.0,0.0,0.9949332156455204,,
202,145608.71505240278,202,1.0006395246270587,1.0001583636491203,0.9949254446808639,15035.052347362342,67363.9429126586,0.0,0.0,0.0,0.0,0.9949254446808639,,
203,145663.9880216621,203,1.0006395246270587,1.0001583636491203,0.9949177356362445,15040.298835533384,67358.71632032873,0.0,0.0,0.0,0.0,0.9949177356362445,,
204,145718.16647667869,204,1.0006395246270587,1.0001583636491203,0.9949100880182756,15045.441432849555,67353.59322487668,0.0,0.0,0.0,0.0,0.9949100880182756,,
205,145771.2720910019,205,1.0006395246270587,1.0001583636491203,0.9949025013375016,15050.482196555504,67348.57157685934,0.0,0.0,0.0,0.0,0.9949025013375016,,
206,145823.32610900188,206,1.0006395246270587,1.0001583636491203,0.9948949751083672,15055.423143158365,67343.64936741657,0.0,0.0,0.0,0.0,0.9948949751083672,,
207,145874.34935436817,207,1.0006395246270587,1.0001583636491203,0.9948875088491861,15060.266249234437,67338.82462746774,0.0,0.0,0.0,0.0,0.9948875088491861,,
208,145924.36223844005,208,1.0006395246270587,1.0001583636491203,0.99488010208211,15065.013452219893,67334.09542692381,0.0,0.0,0.0,0.0,0.99488010208211,,
209,145973.38476837194,209,1.0006395246270587,1.0001583636491203,0.9948727543330982,15071.646849205637,67327.47967589562,0.0,0.0,0.0,0.0,0.9948727543330982,,
210,146021.43655513687,210,1.0006395246270587,1.0001583636491203,0.9948654651318873,15078.148891795623,67320.99492983827,0.0,0.0,0.0,0.0,0.9948654651318873,,
211,146068.5368213718,211,1.0006395246270587,1.0001583636491203,0.994858234011961,15084.522181066995,67314.63859459395,0.0,0.0,0.0,0.0,0.994858234011961,,
212,146114.7044090674,212,1.0006395246270587,1.0001583636491203,0.9948510605105202,15090.769266590421,67308.40812737428,0.0,0.0,0.0,0.0,0.9948510605105202,,
213,146159.95778710564,213,1.0006395246270587,1.0001583636491203,0.9948439441684533,15096.892647450017,67302.3010357431,0.0,0.0,0.0,0.0,0.9948439441684533,,
214,146204.3150586481,214,1.0006395246270587,1.0001583636491203,0.9948368845303074,15102.894773243084,67296.3148766195,0.0,0.0,0.0,0.0,0.9948368845303074,,
215,146247.7939683778,215,1.0006395246270587,1.0001583636491203,0.9948298811442582,15108.778045060055,67290.44725530029,0.0,0.0,0.0,0.0,0.9948298811442582,,
216,146290.41190959807,216,1.0006395246270587,1.0001583636491203,0.994822933562082,15114.544816445004,67284.69582450227,0.0,0.0,0.0,0.0,0.994822933562082,,
217,146332.18593119018,217,1.0006395246270587,1.0001583636491203,0.9948160413391262,15120.197394337183,67279.05828342302,0.0,0.0,0.0,0.0,0.9948160413391262,,
218,146373.13274443394,218,1.0006395246270587,1.0001583636491203,0.9948092040342815,15125.738039993874,67273.53237682059,0.0,0.0,0.0,0.0,0.9948092040342815,,
219,146413.26872969267,219,1.0006395246270587,1.0001583636491203,0.9948024212099538,15131.168969894983,67268.11589411127,0.0,0.0,0.0,0.0,0.9948024212099538,,
220,146452.60994296608,220,1.0006395246270587,1.0001583636491203,0.9947956924320349,15136.492356629737,67262.80666848531,0.0,0.0,0.0,0.0,0.9947956924320349,,
221,146491.1721223133,221,1.0006395246270587,1.0001583636491203,0.9947890172698763,15141.71032976578,67257.60257604005,0.0,0.0,0.0,0.0,0.9947890172698763,,
222,146528.97069414868,222,1.0006395246270587,1.0001583636491203,0.9947823952962609,15146.824976701111,67252.50153493034,0.0,0.0,0.0,0.0,0.9947823952962609,,
223,146566.02077941305,223,1.0006395246270587,1.0001583636491203,0.9947758260873755,15151.83834349911,67247.50150453568,0.0,0.0,0.0,0.0,0.9947758260873755,,
224,146602.3371996227,224,1.0006395246270587,1.0001583636491203,0.994769309222784,15156.752435707049,67242.60048464389,0.0,0.0,0.0,0.0,0.994769309222784,,
225,146637.93448279848,225,1.0006395246270587,1.0001583636491203,0.9947628442854004,15161.569219158391,67237.79651465094,0.0,0.0,0.0,0.0,0.9947628442854004,,
226,146672.82686927772,226,1.0006395246270587,1.0001583636491203,0.9947564308614621,15166.290620759215,67233.08767277666,0.0,0.0,0.0,0.0,0.9947564308614621,,
227,146707.02831741082,227,1.0006395246270587,1.0001583636491203,0.9947500685405034,15170.918529259032,67228.47207529594,0.0,0.0,0.0,0.0,0.9947500685405034,,
228,146740.55250914526,228,1.0006395246270587,1.0001583636491203,0.9947437569153292,15175.454796006377,67223.94787578512,0.0,0.0,0.0,0.0,0.9947437569153292,,
229,146773.41285549884,229,1.0006395246270587,1.0001583636491203,0.9947374955819891,15179.90123568942,67219.51326438344,0.0,0.0,0.0,0.0,0.9947374955819891,,
230,146805.62250192458,230,1.0006395246270587,1.0001583636491203,0.9947312841397512,15184.259627061905,67215.1664670689,0.0,0.0,0.0,0.0,0.9947312841397512,,
231,146837.19433356964,231,1.0006395246270587,1.0001583636491203,0.994725122191077,15188.53171365474,67210.90574494874,0.0,0.0,0.0,0.0,0.994725122191077,,
232,146868.14098042966,232,1.0006395246270587,1.0001583636491203,0.9947190093415954,15192.71920447346,67206.72939356361,0.0,0.0,0.0,0.0,0.9947190093415954,,
233,146898.47482240136,233,1.0006395246270587,1.0001583636491203,0.9947129452000778,15196.823774681905,67202.63574220592,0.0,0.0,0.0,0.0,0.9947129452000778,,
234,146928.20799423498,234,1.0006395246270587,1.0001583636491203,0.994706929378413,15200.847066272363,67198.62315325135,0.0,0.0,0.0,0.0,0.994706929378413,,
235,146957.35239038875,235,1.0006395246270587,1.0001583636491203,0.9947009614915822,15204.790688722414,67194.6900215038,0.0,0.0,0.0,0.0,0.9947009614915822,,
236,146985.919669787,236,1.0006395246270587,1.0001583636491203,0.9946950411576344,15208.6562196388,67190.83477355323,0.0,0.0,0.0,0.0,0.9946950411576344,,
237,147013.92126048426,237,1.0006395246270587,1.0001583636491203,0.9946891679976623,15212.445205388527,67187.05586714623,0.0,0.0,0.0,0.0,0.9946891679976623,,
238,147041.36836423707,238,1.0006395246270587,1.0001583636491203,0.9946833416357777,15216.159161717467,67183.35179056907,0.0,0.0,0.0,0.0,0.9946833416357777,,
239,147068.27196098483,239,1.0006395246270587,1.0001583636491203,0.9946775616990873,15219.799574356724,67179.72106204294,0.0,0.0,0.0,0.0,0.9946775616990873,,
240,147094.64281324256,240,1.0006395246270587,1.0001583636491203,0.9946718278176693,15223.36789961699,67176.1622291312,0.0,0.0,0.0,0.0,0.9946718278176693,,
241,147120.49147040606,241,1.0006395246270587,1.0001583636491203,0.9946661396245495,15226.865564971109,67172.67386815831,0.0,0.0,0.0,0.0,0.9946661396245495,,
242,147145.82827297229,242,1.0006395246270587,1.0001583636491203,0.9946604967556777,15230.293969625149,67169.25458364032,0.0,0.0,0.0,0.0,0.9946604967556777,,
243,147170.6633566758,243,1.0006395246270587,1.0001583636491203,0.9946548988499045,15233.654485078117,67165.90300772664,0.0,0.0,0.0,0.0,0.9946548988499045,,
244,147195.0066565436,244,1.0006395246270587,1.0001583636491203,0.9946493455489582,15236.94845567063,67162.61779965284,0.0,0.0,0.0,0.0,0.9946493455489582,,
245,147218.86791086948,245,1.0006395246270587,1.0001583636491203,0.9946438364974218,15240.177199122698,67159.39764520427,0.0,0.0,0.0,0.0,0.9946438364974218,,
246,147242.2566651097,246,1.0006395246270587,1.0001583636491203,0.9946383713427105,15243.342007060863,67156.24125619032,0.0,0.0,0.0,0.0,0.9946383713427105,,
247,147265.18227570158,247,1.0006395246270587,1.0001583636491203,0.9946329497350486,15246.444145534906,67153.14736992912,0.0,0.0,0.0,0.0,0.9946329497350486,,
248,147287.65391380648,248,1.0006395246270587,1.0001583636491203,0.9946275713274477,15249.484855524312,67150.11474874242,0.0,0.0,0.0,0.0,0.9946275713274477,,
249,147309.68056897863,249,1.0006395246270587,1.0001583636491203,0.9946222357756843,15252.465353434724,67147.14217946038,0.0,0.0,0.0,0.0,0.9946222357756843,,
250,147331.27105276124,250,1.0006395246270587,1.0001583636491203,0.9946169427382776,15255.38683158453,67144.22847293642,0.0,0.0,0.0,0.0,0.9946169427382776,,
251,147352.4340022115,251,1.0006395246270587,1.0001583636491203,0.9946116918764678,15258.250458681865,67141.37246357134,0.0,0.0,0.0,0.0,0.9946116918764678,,
252,147373.17788335582,252,1.0006395246270587,1.0001583636491203,0.9946064828541943,15261.057380292124,67138.57300884716,0.0,0.0,0.0,0.0,0.9946064828541943,,
253,147393.5109945765,253,1.0006395246270587,1.0001583636491203,0.9946013153380743,15263.80871929624,67135.82898887,0.0,0.0,0.0,0.0,0.9946013153380743,,
254,147413.44146993142,254,1.0006395246270587,1.0001583636491203,0.9945961889973816,15266.505576339878,67133.13930592207,0.0,0.0,0.0,0.0,0.9945961889973816,,
255,147432.977282408,255,1.0006395246270587,1.0001583636491203,0.994591103504025,15269.14903027374,67130.50288402262,0.0,0.0,0.0,0.0,0.994591103504025,,
256,147452.1262471128,256,1.0006395246270587,1.0001583636491203,0.9945860585325279,15271.74013858515,67127.91866849743,0.0,0.0,0.0,0.0,0.9945860585325279,,
257,147470.89602439772,257,1.0006395246270587,1.0001583636491203,0.9945810537600068,15274.27993782109,67125.38562555687,0.0,0.0,0.0,0.0,0.9945810537600068,,
258,147489.29412292448,258,1.0006395246270587,1.0001583636491203,0.9945760888661512,15276.76944400285,67122.90274188248,0.0,0.0,0.0,0.0,0.9945760888661512,,
259,147507.32790266853,259,1.0006395246270587,1.0001583636491203,0.994571163533203,15279.209653032496,67120.46902422144,0.0,0.0,0.0,0.0,0.994571163533203,,
260,147525.00457786323,260,1.0006395246270587,1.0001583636491203,0.9945662774459355,15281.601541091257,67118.08349898932,0.0,0.0,0.0,0.0,0.9945662774459355,,
261,147542.33121988576,261,1.0006395246270587,1.0001583636491203,0.9945614302916344,15283.946065030046,67115.74521188062,0.0,0.0,0.0,0.0,0.9945614302916344,,
262,147559.31476008604,262,1.0006395246270587,1.0001583636491203,0.9945566217600766,15286.244162752224,67113.45322748694,0.0,0.0,0.0,0.0,0.9945566217600766,,
263,147575.96199255958,263,1.0006395246270587,1.0001583636491203,0.9945518515435113,15288.496753588814,67111.20662892285,0.0,0.0,0.0,0.0,0.9945518515435113,,
264,147592.27957686532,264,1.0006395246270587,1.0001583636491203,0.9945471193366398,15290.704738666262,67109.00451745903,0.0,0.0,0.0,0.0,0.9945471193366398,,
265,147608.27404068978,265,1.0006395246270587,1.0001583636491203,0.9945424248365959,15292.869001266929,67106.84601216282,0.0,0.0,0.0,0.0,0.9945424248365959,,
266,147623.9517824583,266,1.0006395246270587,1.0001583636491203,0.9945377677429269,15294.990407182433,67104.73024954573,0.0,0.0,0.0,0.0,0.9945377677429269,,
267,147639.31907389476,267,1.0006395246270587,1.0001583636491203,0.9945331477575741,15297.069805060011,67102.6563832181,0.0,0.0,0.0,0.0,0.9945331477575741,,
268,147654.38206253052,268,1.0006395246270587,1.0001583636491203,0.9945285645848535,15299.108026741991,67100.6235835504,0.0,0.0,0.0,0.0,0.9945285645848535,,
269,147669.1467741636,269,1.0006395246270587,1.0001583636491203,0.9945240179314374,15301.105887598584,67098.63103734149,0.0,0.0,0.0,0.0,0.9945240179314374,,
270,147683.61911526925,270,1.0006395246270587,1.0001583636491203,0.9945195075063354,15303.064186854059,67096.67794749314,0.0,0.0,0.0,0.0,0.9945195075063354,,
271,147697.8048753629,271,1.0006395246270587,1.0001583636491203,0.9945150330208756,15304.983707906453,67094.76353269129,0.0,0.0,0.0,0.0,0.9945150330208756,,
272,147711.70972931612,272,1.0006395246270587,1.0001583636491203,0.9945105941886865,15306.86521864098,67092.88702709344,0.0,0.0,0.0,0.0,0.9945105941886865,,
273,147725.3392396267,273,1.0006395246270587,1.0001583636491203,0.9945061907256781,15308.709471737197,67091.0476800223,0.0,0.0,0.0,0.0,0.9945061907256781,,
274,147738.698858644,274,1.0006395246270587,1.0001583636491203,0.9945018223500245,15310.517204970123,67089.24475566541,0.0,0.0,0.0,0.0,0.9945018223500245,,
275,147751.79393075005,275,1.0006395246270587,1.0001583636491203,0.994497488782145,15312.28914150537,67087.47753278093,0.0,0.0,0.0,0.0,0.994497488782145,,
276,147764.62969449756,276,1.0006395246270587,1.0001583636491203,0.9944931897446867,15314.025990188433,67085.74530440905,0.0,0.0,0.0,0.0,0.9944931897446867,,
277,147777.21128470553,277,1.0006395246270587,1.0001583636491203,0.9944889249625071,15315.728445828265,67084.04737758907,0.0,0.0,0.0,0.0,0.9944889249625071,,
278,147789.54373451334,278,1.0006395246270587,1.0001583636491203,0.9944846941626556,15317.39718947523,67082.38307308235,0.0,0.0,0.0,0.0,0.9944846941626556,,
279,147801.63197739428,279,1.0006395246270587,1.0001583636491203,0.9944804970743567,15319.032888693542,67080.75172510053,0.0,0.0,0.0,0.0,0.9944804970743567,,
280,147813.48084912906,280,1.0006395246270587,1.0001583636491203,0.9944763334289924,15320.636197828324,67079.15268103915,0.0,0.0,0.0,0.0,0.9944763334289924,,
281,147825.09508974035,281,1.0006395246270587,1.0001583636491203,0.9944722029600852,15322.207758267368,67077.58530121659,0.0,0.0,0.0,0.0,0.9944722029600852,,
282,147836.4793453891,282,1.0006395246270587,1.0001583636491203,0.9944681054032809,15323.748198697718,67076.04895861824,0.0,0.0,0.0,0.0,0.9944681054032809,,
283,147847.63817023285,283,1.0006395246270587,1.0001583636491203,0.9944640404963315,15325.258135357168,67074.5430386456,0.0,0.0,0.0,0.0,0.9944640404963315,,
284,147858.57602824806,284,1.0006395246270587,1.0001583636491203,0.994460007979079,15326.73817228079,67073.06693887043,0.0,0.0,0.0,0.0,0.994460007979079,,
285,147869.29729501542,285,1.0006395246270587,1.0001583636491203,0.994456007593438,15328.188901542559,67071.62006879378,0.0,0.0,0.0,0.0,0.994456007593438,,
286,147879.80625947056,286,1.0006395246270587,1.0001583636491203,0.9944520390833798,15329.61090349221,67070.20184960974,0.0,0.0,0.0,0.0,0.9944520390833798,,
287,147890.10712561966,287,1.0006395246270587,1.0001583636491203,0.9944481021949156,15331.004746987412,67068.81171397392,0.0,0.0,0.0,0.0,0.9944481021949156,,
288,147900.20401422124,288,1.0006395246270587,1.0001583636491203,0.9944441966760807,15332.370989621324,67067.44910577641,0.0,0.0,0.0,0.0,0.9944441966760807,,
289,147910.10096443468,289,1.0006395246270587,1.0001583636491203,0.9944403222769178,15333.710177945655,67066.11347991946,0.0,0.0,0.0,0.0,0.9944403222769178,,
290,147919.80193543597,290,1.0006395246270587,1.0001583636491203,0.9944364787494614,15335.022847689304,67064.80430209926,0.0,0.0,0.0,0.0,0.9944364787494614,,
291,147929.3108080016,291,1.0006395246270587,1.0001583636491203,0.9944326658477218,15336.309523972684,67063.52104859235,0.0,0.0,0.0,0.0,0.9944326658477218,,
292,147938.631386061,292,1.0006395246270587,1.0001583636491203,0.9944288833276694,15337.57072151778,67062.26320604596,0.0,0.0,0.0,0.0,0.9944288833276694,,
293,147947.76739821822,293,1.0006395246270587,1.0001583636491203,0.994425130947219,15338.806944854063,67061.03027127277,0.0,0.0,0.0,0.0,0.994425130947219,,
294,147956.72249924357,294,1.0006395246270587,1.0001583636491203,0.9944214084662143,15340.01868852032,67059.82175104956,0.0,0.0,0.0,0.0,0.9944214084662143,,
295,147965.50027153577,295,1.0006395246270587,1.0001583636491203,0.9944177156464129,15343.186635282294,67056.65696390005,0.0,0.0,0.0,0.0,0.9944177156464129,,
296,147974.10422655486,296,1.0006395246270587,1.0001583636491203,0.9944140522514705,15346.291850425217,67053.55484580304,0.0,0.0,0.0,0.0,0.9944140522514705,,
297,147982.53780622705,297,1.0006395246270587,1.0001583636491203,0.9944104180469261,15349.33557615937,67050.51415578714,0.0,0.0,0.0,0.0,0.9944104180469261,,
298,147990.8043843216,298,1.0006395246270587,1.0001583636491203,0.9944068128001867,15352.319030096809,67047.53367745472,0.0,0.0,0.0,0.0,0.9944068128001867,,
299,147998.90726780036,299,1.0006395246270587,1.0001583636491203,0.994403236280513,15355.243405738454,67044.61221849521,0.0,0.0,0.0,0.0,0.994403236280513,,
300,148006.84969814096,300,1.0006395246270587,1.0001583636491203,0.9943996882590039,15358.109872951552,67041.74861020819,0.0,0.0,0.0,0.0,0.9943996882590039,,
301,148014.63485263323,301,1.0006395246270587,1.0001583636491203,0.9943961685085827,15362.899776457461,67036.96150901594,0.0,0.0,0.0,0.0,0.9943961685085827,,
302,148022.2658456504,302,1.0006395246270587,1.0001583636491203,0.9943926768039815,15367.594830388998,67032.26920190672,0.0,0.0,0.0,0.0,0.9943926768039815,,
303,148029.74572989493,303,1.0006395246270587,1.0001583636491203,0.9943892129217278,15372.196912955553,67027.66981176994,0.0,0.0,0.0,0.0,0.9943892129217278,,
304,148037.07749761982,304,1.0006395246270587,1.0001583636491203,0.9943857766401294,15376.707865174254,67023.16149866559,0.0,0.0,0.0,0.0,0.9943857766401294,,
305,148044.2640818254,305,1.0006395246270587,1.0001583636491203,0.9943823677392609,15381.129491606447,67018.74245908805,0.0,0.0,0.0,0.0,0.9943823677392609,,
306,148051.3083574328,306,1.0006395246270587,1.0001583636491203,0.9943789860009492,15385.463561079587,67014.41092524472,0.0,0.0,0.0,0.0,0.9943789860009492,,
307,148058.21314243414,307,1.0006395246270587,1.0001583636491203,0.9943756312087595,15389.711807394844,67010.16516434879,0.0,0.0,0.0,0.0,0.9943756312087595,,
308,148064.98119901962,308,1.0006395246270587,1.0001583636491203,0.9943723031479816,15393.875930020688,67006.00347792603,0.0,0.0,0.0,0.0,0.9943723031479816,,
309,148071.6152346826,309,1.0006395246270587,1.0001583636491203,0.9943690016056164,15397.957594772752,67001.92420113542,0.0,0.0,0.0,0.0,0.9943690016056164,,
310,148078.11790330274,310,1.0006395246270587,1.0001583636491203,0.9943657263703616,15401.95843448022,66997.92570210304,0.0,0.0,0.0,0.0,0.9943657263703616,,
311,148084.49180620763,311,1.0006395246270587,1.0001583636491203,0.9943624772325989,15405.880049639029,66994.00638126931,0.0,0.0,0.0,0.0,0.9943624772325989,,
312,148090.73949321345,312,1.0006395246270587,1.0001583636491203,0.9943592539843801,15409.724009052119,66990.16467074913,0.0,0.0,0.0,0.0,0.9943592539843801,,
313,148096.86346364484,313,1.0006395246270587,1.0001583636491203,0.9943560564194139,15413.491850457027,66986.3990337046,0.0,0.0,0.0,0.0,0.9943560564194139,,
314,148102.86616733504,314,1.0006395246270587,1.0001583636491203,0.9943528843330531,15417.185081141046,66982.70796373025,0.0,0.0,0.0,0.0,0.9943528843330531,,
315,148108.75000560563,315,1.0006395246270587,1.0001583636491203,0.994349737522281,15420.805178544193,66979.08998425043,0.0,0.0,0.0,0.0,0.994349737522281,,
316,148114.5173322273,316,1.0006395246270587,1.0001583636491203,0.9943466157856982,15424.35359085025,66975.54364792864,0.0,0.0,0.0,0.0,0.9943466157856982,,
317,148120.17045436142,317,1.0006395246270587,1.0001583636491203,0.9943435189235104,15427.831737566088,66972.06753608848,0.0,0.0,0.0,0.0,0.9943435189235104,,
318,148125.71163348295,318,1.0006395246270587,1.0001583636491203,0.9943404467375154,15431.241010089534,66968.66025814613,0.0,0.0,0.0,0.0,0.9943404467375154,,
319,148131.14308628527,319,1.0006395246270587,1.0001583636491203,0.9943373990310901,15434.582772265978,66965.32045105413,0.0,0.0,0.0,0.0,0.9943373990310901,,
320,148136.46698556677,320,1.0006395246270587,1.0001583636491203,0.994334375609178,15437.858360933978,66962.04677875603,0.0,0.0,0.0,0.0,0.994334375609178,,
321,148141.6854611001,321,1.0006395246270587,1.0001583636491203,0.9943313762782773,15441.069086460038,66958.83793165196,0.0,0.0,0.0,0.0,0.9943313762782773,,
322,148146.80060048428,322,1.0006395246270587,1.0001583636491203,0.9943284008464276,15444.21623326281,66955.69262607468,0.0,0.0,0.0,0.0,0.9943284008464276,,
323,148151.8144499796,323,1.0006395246270587,1.0001583636491203,0.9943254491231982,15447.301060326914,66952.60960377619,0.0,0.0,0.0,0.0,0.9943254491231982,,
324,148156.72901532656,324,1.0006395246270587,1.0001583636491203,0.9943225209196758,15450.324801706578,66949.58763142418,0.0,0.0,0.0,0.0,0.9943225209196758,,
325,148161.5462625478,325,1.0006395246270587,1.0001583636491203,0.9943196160484523,15453.288667019318,66946.62550010884,0.0,0.0,0.0,0.0,0.9943196160484523,,
326,148166.26811873497,326,1.0006395246270587,1.0001583636491203,0.9943167343236131,15456.19384192983,66943.72202485915,0.0,0.0,0.0,0.0,0.9943167343236131,,
327,148170.89647281944,327,1.0006395246270587,1.0001583636491203,0.9943138755607248,15459.041488624289,66940.87604416888,0.0,0.0,0.0,0.0,0.9943138755607248,,
328,148175.43317632796,328,1.0006395246270587,1.0001583636491203,0.9943110395768237,15461.832746275291,66938.08641953186,0.0,0.0,0.0,0.0,0.9943110395768237,,
329,148179.88004412345,329,1.0006395246270587,1.0001583636491203,0.9943082261904038,15464.568731497564,66935.35203498667,0.0,0.0,0.0,0.0,0.9943082261904038,,
330,148184.2388551309,330,1.0006395246270587,1.0001583636491203,0.9943054352214057,15467.250538794642,66932.67179667011,0.0,0.0,0.0,0.0,0.9943054352214057,,
331,148188.5113530491,331,1.0006395246270587,1.0001583636491203,0.9943026664912042,15469.87924099673,66930.0446323796,0.0,0.0,0.0,0.0,0.9943026664912042,,
332,148192.69924704812,332,1.0006395246270587,1.0001583636491203,0.9942999198225981,15472.455889689863,66927.46949114437,0.0,0.0,0.0,0.0,0.9942999198225981,,
333,148196.8042124531,333,1.0006395246270587,1.0001583636491203,0.9942971950397976,15474.9815156366,66924.94534280487,0.0,0.0,0.0,0.0,0.9942971950397976,,
334,148200.82789141446,334,1.0006395246270587,1.0001583636491203,0.9942944919684139,15477.457129188351,66922.47117760082,0.0,0.0,0.0,0.0,0.9942944919684139,,
335,148204.77189356467,335,1.0006395246270587,1.0001583636491203,0.9942918104354476,15479.883720689571,66920.04600576714,0.0,0.0,0.0,0.0,0.9942918104354476,,
336,148208.63779666237,336,1.0006395246270587,1.0001583636491203,0.9942891502692778,15482.262260873935,66917.66885713808,0.0,0.0,0.0,0.0,0.9942891502692778,,
337,148212.42714722353,337,1.0006395246270587,1.0001583636491203,0.9942865112996512,15484.593701252668,66915.33878075912,0.0,0.0,0.0,0.0,0.9942865112996512,,
338,148216.1414611399,338,1.0006395246270587,1.0001583636491203,0.994283893357671,15486.87897449519,66913.05484450648,0.0,0.0,0.0,0.0,0.994283893357671,,
339,148219.78222428562,339,1.0006395246270587,1.0001583636491203,0.9942812962757862,15489.118994802217,66910.81613471426,0.0,0.0,0.0,0.0,0.9942812962757862,,
340,148223.35089311167,340,1.0006395246270587,1.0001583636491203,0.994278719887781,15491.31465827148,66908.62175580903,0.0,0.0,0.0,0.0,0.994278719887781,,
341,148226.84889522826,341,1.0006395246270587,1.0001583636491203,0.9942761640287641,15493.466843256203,66906.47082995143,0.0,0.0,0.0,0.0,0.9942761640287641,,
342,148230.27762997625,342,1.0006395246270587,1.0001583636491203,0.9942736285351574,15495.576410716476,66904.36249668508,0.0,0.0,0.0,0.0,0.9942736285351574,,
343,148233.6384689866,343,1.0006395246270587,1.0001583636491203,0.9942711132446872,15497.644204563672,66902.2959125923,0.0,0.0,0.0,0.0,0.9942711132446872,,
344,148236.93275672942,344,1.0006395246270587,1.0001583636491203,0.994268617996372,15499.671051998055,66900.2702509568,0.0,0.0,0.0,0.0,0.994268617996372,,
345,148240.1618110516,345,1.0006395246270587,1.0001583636491203,0.9942661426305135,15501.657763839678,66898.2847014329,0.0,0.0,0.0,0.0,0.9942661426305135,,
346,148243.32692370404,346,1.0006395246270587,1.0001583636491203,0.9942636869886857,15503.605134852754,66896.33846972135,0.0,0.0,0.0,0.0,0.9942636869886857,,
347,148246.4293608584,347,1.0006395246270587,1.0001583636491203,0.9942612509137252,15505.513944063588,66894.43077725162,0.0,0.0,0.0,0.0,0.9942612509137252,,
348,148249.47036361368,348,1.0006395246270587,1.0001583636491203,0.9942588342497205,15507.384955072228,66892.5608608704,0.0,0.0,0.0,0.0,0.9942588342497205,,
349,148252.4511484926,349,1.0006395246270587,1.0001583636491203,0.9942564368420027,15509.218916357926,66890.72797253633,0.0,0.0,0.0,0.0,0.9942564368420027,,
350,148255.3729079284,350,1.0006395246270587,1.0001583636491203,0.9942540585371352,15511.01656157856,66888.93137902075,0.0,0.0,0.0,0.0,0.9942540585371352,,
